44 110
45 130
48 150
54 168
65 186
80 200
99 214
120 223
144 227
166 223
169 211
177 195
189 179
197 161
200 138
204 123
204 117
70 83
81 77
94 75
108 76
121 78
158 77
171 75
183 73
196 75
207 81
142 97
142 107
142 120
142 130
127 142
135 144
142 145
150 144
157 141
88 101
97 97
107 97
115 100
107 103
97 103
165 100
173 95
182 95
191 100
182 103
173 103
110 170
120 163
130 159
143 160
155 159
165 162
174 170
167 179
157 186
142 188
130 186
119 180
119 170
131 168
142 166
156 168
166 171
155 175
142 177
130 175
